.Random.seed <-
c(403L, 10L, 723627742L, 2095565336L, 447485307L, -1975939815L, 
-1445883480L, -2066389674L, 74339793L, 245050755L, 2124575762L, 
1782874020L, -1463920793L, 1981973693L, 287667252L, -55330918L, 
-1914756123L, -1787551873L, 770703110L, -611370864L, -225259213L, 
2009089745L, 1902810240L, -1197796002L, -466670935L, -1475300005L, 
-980736150L, 952331788L, 24995407L, 1442081541L, 1846782908L, 
2064826002L, 1409375629L, -716862009L, 135065262L, -1447639288L, 
-1931307765L, 2015585257L, -1846307656L, -108706970L, 1636755457L, 
1814132371L, -1680717502L, 132589300L, -1565347081L, -1604099347L, 
2094022020L, -629640278L, -1448752875L, 1461437359L, 2139986870L, 
-228752928L, -1762811613L, -2006149567L, -1446700752L, -939807922L, 
154251705L, 1220701131L, 670376058L, 518930812L, 2024493503L, 
1025928853L, -946580308L, 208043650L, -2045766051L, -840435369L, 
-1240898498L, -1764333448L, -632736933L, -688165191L, 1523933960L, 
1671797174L, -1293670671L, 1268707619L, -353541262L, 1830209988L, 
482455943L, 1299417949L, 901268820L, -870111366L, -1097677115L, 
-2014148577L, -21778522L, 1070698800L, -893744173L, 736580081L, 
-1239861472L, -1112079938L, 455897545L, -1792645L, 1583977290L, 
-881798228L, -1158907217L, -88242075L, -1331763172L, -330619278L, 
-1437779731L, 753727783L, -1018157746L, 517612968L, 1921917355L, 
-1652188471L, 1854671576L, 532805510L, 1115843169L, -854871053L, 
856925794L, -194314028L, 508578263L, -1161724979L, -1051013276L, 
-1177756854L, 469871285L, -713319921L, 853539606L, -811526720L, 
-1188182653L, -674018399L, 299422608L, -1144254354L, 1306949145L, 
1766889131L, 1618963098L, 24827484L, -741735585L, -2020655819L, 
829549772L, 403101218L, 2084366461L, 613290359L, -222232930L, 
683371864L, 349559995L, -1158913447L, 1397918184L, 1013984278L, 
-1236510831L, 1854257219L, 534593362L, 787858404L, -17294809L, 
1071673981L, -2127484044L, -1089566886L, 1654391205L, 600382911L, 
505167430L, -1954149168L, 2057004787L, 714809361L, -1285077440L, 
1462479390L, -1968855831L, 1922928155L, -1388384726L, 57692492L, 
-474391793L, -478982587L, -215762948L, -1794806190L, -1195920435L, 
570228103L, -1995032466L, -1234714552L, 1914024523L, -1547604055L, 
-1216274696L, 690420262L, -62196927L, -2050303789L, -1766073214L, 
915004084L, -720449993L, -1876773587L, -15843772L, 1979122538L, 
67719125L, -1772037777L, -1040944010L, -245407840L, -1579906973L, 
1437355265L, 538247280L, 226659342L, -428086151L, -1108853749L, 
726840634L, 1671922748L, 1158976383L, 1428988117L, 665310444L, 
-1330975166L, -856104547L, 533484567L, 548112766L, 1876283192L, 
206211099L, 1392773497L, 1703014344L, 1043510262L, -1112185295L, 
-1536450461L, 345366578L, 510877060L, 1744626631L, -1621899619L, 
-1752191468L, -893078342L, -387243771L, -478068001L, -1307693210L, 
110790384L, -1232060909L, -728934479L, 1707582048L, -650682370L, 
-1960865911L, 2041940155L, -995400566L, -452823188L, -937884433L, 
2117119781L, -1301521956L, 689653682L, -1457926483L, -1289886105L, 
887068046L, -1439096216L, 1206296171L, -1559700576L, 1213349836L, 
-1432274080L, -882044734L, 175679016L, -364010068L, -830480580L, 
63014770L, -1869554896L, 1735164452L, 1837406264L, 306750682L, 
-450500208L, -1679522052L, 1265446804L, -172463294L, -314940928L, 
-2067498436L, 264863312L, 422132386L, -1059103928L, -959356404L, 
472198364L, -519185838L, 1723713664L, 356391764L, -1338918424L, 
1914342138L, -891750576L, 772078636L, -872614540L, -1981725038L, 
-929334688L, -723484020L, 1355512672L, 1411375842L, 149995688L, 
-244252468L, -298481156L, 211734450L, 1842615792L, 1518683588L, 
297328472L, -962991238L, -1662298704L, -754165316L, 1385408596L, 
965389250L, -206699744L, -21364804L, 1683671632L, -1441022494L, 
579178856L, -2134897332L, -401798916L, 1728144114L, -1859987712L, 
721094260L, -1324439544L, 1304492474L, 1797232592L, 1990203884L, 
345493396L, -22793518L, 1696951904L, -1581972148L, 1461687584L, 
-1143369086L, -1412421144L, 1619232748L, 2022078012L, 295054962L, 
1478959984L, 1327851812L, -425053640L, 505348506L, -150025776L, 
-1864278596L, 1159997588L, -1673528190L, 11814336L, 1450246972L, 
1555674256L, 432939810L, 399060488L, -1917965044L, -1170532964L, 
-1674174958L, -640922752L, -867556588L, 1522585896L, -2011665350L, 
1985604560L, -734608788L, 918993460L, 695409298L, 420879712L, 
1964198220L, -1674487840L, -464415326L, -1803059800L, 1562093196L, 
-1267679812L, -2067157390L, -479642640L, -27019708L, -1214810024L, 
-1681041350L, 1624320112L, -1113393092L, -1032029932L, -940113214L, 
-51212576L, -1228248964L, 1310150352L, -786490974L, -350572504L, 
-230483188L, -496184900L, 831001394L, -793568576L, 1906353204L, 
602298056L, -252185414L, -133488L, 611217132L, -818402732L, 1682637458L, 
1483784480L, 835660236L, -1007222048L, -721954622L, -988580824L, 
1070397356L, 1582990012L, 1760742386L, -185782736L, 1471702948L, 
523464120L, 314910554L, 963031184L, -961698948L, -1358212844L, 
1628686658L, -65083136L, -38318660L, -2068051632L, 1169221922L, 
1645560392L, 1835198476L, 884721244L, 2063460818L, 1987513856L, 
1932500308L, 1553616104L, -1931998982L, 1330994896L, -1615361236L, 
1842882804L, 1984143762L, 132138336L, -2094517236L, -1615917856L, 
-402353566L, 397616296L, 2120172620L, 1557176188L, -1451345614L, 
1367417456L, 1021817668L, 1404730328L, -349787270L, 1881880624L, 
2121957308L, -243783084L, -1264259006L, 1856341664L, -1098743108L, 
786187216L, 901748066L, -212205848L, 1936809164L, 1693014524L, 
-1944166926L, -714793856L, 1485928948L, -274185592L, 1688599354L, 
-29907632L, -853375892L, 1212091796L, 475457618L, -1021411872L, 
1167963340L, -754409824L, 698012034L, -407232280L, 1536051948L, 
783162684L, -76691342L, -1629068688L, 329538084L, -155162568L, 
-1398294246L, 1246618832L, -1784833732L, 1054659476L, -841623678L, 
296274880L, 1791481404L, 2067300752L, -1596119006L, -2041803512L, 
-217192308L, 298880796L, 1653865618L, 947506560L, -1714524140L, 
1110091560L, 1198499386L, 1724582352L, 739115372L, 1569749940L, 
-1333865966L, -1722230816L, -210699828L, -987883296L, -344287349L, 
-859135364L, -963399510L, 322474719L, 1333829737L, 359291518L, 
-947084692L, -933142851L, -1210932345L, -1216952464L, 1572253198L, 
-1871957189L, -2101481443L, 1162455242L, 754365416L, 398082257L, 
-2120753981L, 89678788L, 1795197042L, -1384490681L, -811350767L, 
116883606L, 179291636L, 1010751365L, 264603343L, -743894072L, 
-676019610L, -2086003565L, -688114699L, -1692494382L, -759372256L, 
477579273L, -510186181L, 457482380L, 1850543386L, -1858321521L, 
417692889L, 269685614L, -1793441028L, -939331475L, 669916183L, 
-278110752L, 519850430L, 1408098187L, -898506739L, 1625278522L, 
1092053112L, -1078066143L, -598108461L, 1986143732L, 1226262146L, 
1996579607L, 33649121L, 866090790L, -137188828L, -96760619L, 
-1694237569L, -994578152L, -1341415370L, -830933309L, 1945434885L, 
-95854942L, 1669393552L, 1258208313L, 320705771L, 1918436828L, 
1367026698L, 401099519L, -633625783L, -1010689826L, 728860300L, 
-840289699L, 536875111L, -29438576L, -988381778L, -1166284709L, 
-1100570563L, 1979922090L, 1025545032L, 268949361L, 1246642403L, 
-1897768988L, 80269074L, -782167321L, 838997169L, 81065718L, 
-603119340L, 195319333L, -798364881L, 1446714600L, 427769286L, 
2109082739L, 1016776405L, 967261362L, 1132310656L, -511894423L, 
1993484507L, -2138080212L, -1622670278L, 941429487L, -1300099719L, 
-1376394738L, -926460964L, 2030427213L, -784543817L, 1206399296L, 
-1655564258L, 1693601515L, 886840941L, 1423607514L, -780405096L, 
807124225L, -1938586957L, 1586023892L, 1593216226L, 901817719L, 
-1748951871L, 2077352006L, -829010044L, -193910475L, -320686305L, 
-1984718216L, 1409580886L, 1277763043L, -1220152411L, -441318846L, 
-1053827024L, -168061863L, 587909579L, -1260418500L, -2004401046L, 
1861752479L, -369353943L, -174344258L, 226576044L, -436556803L, 
-1795202233L, -457259984L, 1756931406L, -1764229765L, 1777576669L, 
732818186L, -1217238488L, -1001848175L, -2058993021L, 2089157508L, 
